p72 = 1280*720
p10 = 1920*1080
p14 = 2560*1440
p16 = 2560*1600
k4 = 3184*2160
k8 = 3184*2*4320
ratio = p10 / k4